{"producer":{"name":"Blender","version":"2.76 (sub 0)","exporter_version":"4.6.1","file":".babylon"},
"autoClear":true,"clearColor":[0.0509,0.0509,0.0509],"ambientColor":[0,0,0],"gravity":[0,-9.81,0],
"materials":[{"name":".MI_Spiderman_001_inst","id":".MI_Spiderman_001_inst","ambient":[1,1,1],"diffuse":[0.8,0.8,0.8],"specular":[0.5,0.5,0.5],"emissive":[0,0,0],"specularPower":103,"alpha":1,"backFaceCulling":true,"checkReadyOnlyOnce":false, 
"diffuseTexture":{"name":"MI_Spiderman_001_inst","level":1,"hasAlpha":1,"coordinatesMode":0,"uOffset":0,"vOffset":0,"uScale":1,"vScale":1,"uAng":0,"vAng":0,"wAng":0,"wrapU":1,"wrapV":1,"coordinatesIndex":0}},
{"name":".M_Spiderman_gear","id":".M_Spiderman_gear","ambient":[1,1,1],"diffuse":[0.8,0.8,0.8],"specular":[0.5,0.5,0.5],"emissive":[0,0,0],"specularPower":103,"alpha":1,"backFaceCulling":true,"checkReadyOnlyOnce":false, 
"diffuseTexture":{"name":"M_Spiderman_gear","level":1,"hasAlpha":1,"coordinatesMode":0,"uOffset":0,"vOffset":0,"uScale":1,"vScale":1,"uAng":0,"vAng":0,"wAng":0,"wrapU":1,"wrapV":1,"coordinatesIndex":0}},
{"name":".MI_Spiderman_002_inst","id":".MI_Spiderman_002_inst","ambient":[1,1,1],"diffuse":[0.8,0.8,0.8],"specular":[0.5,0.5,0.5],"emissive":[0,0,0],"specularPower":103,"alpha":1,"backFaceCulling":true,"checkReadyOnlyOnce":false, 
"diffuseTexture":{"name":"MI_Spiderman_002_inst","level":1,"hasAlpha":1,"coordinatesMode":0,"uOffset":0,"vOffset":0,"uScale":1,"vScale":1,"uAng":0,"vAng":0,"wAng":0,"wrapU":1,"wrapV":1,"coordinatesIndex":0}}],
"multiMaterials":[],
"skeletons":[{"name":"Armature","id":0,"dimensionsAtRest":[1.4154,1.7583,1.2746],"bones":[
{"name":"Spiderman_AutoRig","index":0,"matrix":[0.01,0,0,0,0,0,-0.01,0,0,-0.01,0,0,0,0,0,1],"rest":[0.01,0,0,0,0,0,-0.01,0,0,-0.01,0,0,0,0,0,1],"parentBoneIndex":-1,"length":0.01},
{"name":"Spiderman_Unity_Output_Meshes","index":1,"matrix":[1,0,0,0,0,1,0,0,0,0,1,0,0,0,0,1],"rest":[1,0,0,0,0,1,0,0,0,0,1,0,0,0,0,1],"parentBoneIndex":0,"length":0.01},
{"name":"spiderman_body","index":2,"matrix":[1,0,0,0,0,1,0,0,0,0,1,0,0,0,0,1],"rest":[1,0,0,0,0,1,0,0,0,0,1,0,0,0,0,1],"parentBoneIndex":1,"length":0.01},
{"name":"spidyHead","index":3,"matrix":[1,0,0,0,0,1,0,0,0,0,1,0,0,0,0,1],"rest":[1,0,0,0,0,1,0,0,0,0,1,0,0,0,0,1],"parentBoneIndex":1,"length":0.01},
{"name":"Spiderman_Unity_Output_Skeleton","index":4,"matrix":[1,0,0,0,0,1,0,0,0,0,1,0,0,0,0,1],"rest":[1,0,0,0,0,1,0,0,0,0,1,0,0,0,0,1],"parentBoneIndex":0,"length":0.01},
{"name":"root","index":5,"matrix":[1,0,0,0,0,0,-1,0,0,1,0,0,0,0,0,1],"rest":[1,0,0,0,0,0,-1,0,0,1,0,0,0,0,0,1],"parentBoneIndex":4,"length":95.7377},
{"name":"pelvis","index":6,"matrix":[0,-0.0036,1,0,0,1,0.0036,0,-1,0,0,0,0,1.0496,95.7319,1],"rest":[0,-0.0036,1,0,0,1,0.0036,0,-1,0,0,0,0,1.0496,95.732,1],"parentBoneIndex":5,"length":10.4035},
{"name":"spine_01","index":7,"matrix":[1,-0.0058,0,0,0.0058,1,0,0,0,0,1,0,11.0667,-0.2619,0,1],"rest":[1,-0.0058,0,0,0.0058,1,0,0,0,0,1,0,11.0668,-0.2619,0,1],"parentBoneIndex":6,"length":10.6935},
{"name":"spine_02","index":8,"matrix":[0.9862,0.1658,0,0,-0.1658,0.9862,0,0,0,0,1,0,10.6932,0.0874,0,1],"rest":[0.9862,0.1658,0,0,-0.1658,0.9862,0,0,0,0,1,0,10.6931,0.0873,0,1],"parentBoneIndex":7,"length":10.0636},
{"name":"spine_03","index":9,"matrix":[0.9993,-0.0381,0,0,0.0381,0.9993,0,0,0,0,1,0,10.0543,-0.4319,0,1],"rest":[0.9993,-0.0381,0,0,0.0381,0.9993,0,0,0,0,1,0,10.0543,-0.4319,0,1],"parentBoneIndex":8,"length":16.5904},
{"name":"clavicle_l","index":10,"matrix":[0,0,-1,0,0.1354,0.9908,0,0,0.9908,-0.1354,0,0,15.0243,0.4273,-2.7703,1],"rest":[0,0,-1,0,0.1354,0.9908,0,0,0.9908,-0.1354,0,0,15.0244,0.4273,-2.7703,1],"parentBoneIndex":9,"length":14.6632},
{"name":"upperarm_l","index":11,"matrix":[0.8284,-0.0249,-0.5595,0,0.036,0.9993,0.0089,0,0.5589,-0.0275,0.8288,0,14.637,0.13,-0.8669,1],"rest":[0.8284,-0.0249,-0.5595,0,0.036,0.9993,0.0089,0,0.5589,-0.0275,0.8288,0,14.637,0.13,-0.8668,1],"parentBoneIndex":10,"length":21.1558},
{"name":"lowerarm_l","index":12,"matrix":[0.8178,-0.5752,0.0198,0,0.5747,0.818,0.0229,0,-0.0294,-0.0074,0.9995,0,27.3422,-0.0343,0.4,1],"rest":[0.8178,-0.5752,0.0198,0,0.5747,0.818,0.0229,0,-0.0294,-0.0074,0.9995,0,27.3422,-0.0343,0.4,1],"parentBoneIndex":11,"length":21.8702},
{"name":"hand_l","index":13,"matrix":[0.9878,-0.0696,-0.1393,0,-0.1213,0.2172,-0.9686,0,0.0977,0.9736,0.2061,0,27.8411,-0.4074,0.6371,1],"rest":[0.9878,-0.0696,-0.1393,0,-0.1213,0.2172,-0.9686,0,0.0977,0.9736,0.2061,0,27.8411,-0.4074,0.6371,1],"parentBoneIndex":12,"length":10.5232},
{"name":"index_01_l","index":14,"matrix":[0.9704,0.1062,-0.2169,0,-0.0416,0.9582,0.2832,0,0.238,-0.2658,0.9342,0,9.4481,-0.7633,-3.0293,1],"rest":[0.9704,0.1062,-0.2169,0,-0.0416,0.9582,0.2832,0,0.2379,-0.2658,0.9342,0,9.4481,-0.7633,-3.0293,1],"parentBoneIndex":13,"length":3.7319},
{"name":"index_02_l","index":15,"matrix":[0.9771,0.2124,-0.0137,0,-0.2124,0.9772,0.003,0,0.014,0,0.9999,0,3.7296,-0.1042,-0.0776,1],"rest":[0.9771,0.2124,-0.0137,0,-0.2124,0.9772,0.003,0,0.014,0,0.9999,0,3.7296,-0.1042,-0.0776,1],"parentBoneIndex":14,"length":2.5188},
{"name":"index_03_l","index":16,"matrix":[0.9738,0.227,0.0135,0,-0.227,0.9739,-0.0036,0,-0.014,0.0004,0.9999,0,2.5145,0.075,0.1275,1],"rest":[0.9738,0.227,0.0135,0,-0.227,0.9739,-0.0036,0,-0.014,0.0004,0.9999,0,2.5145,0.075,0.1275,1],"parentBoneIndex":15,"length":2.5188},
{"name":"middle_01_l","index":17,"matrix":[0.9983,-0.0064,0.0584,0,0.0066,1,-0.0029,0,-0.0584,0.0033,0.9983,0,10.2326,-1.3069,-0.3195,1],"rest":[0.9983,-0.0064,0.0584,0,0.0066,1,-0.0029,0,-0.0584,0.0033,0.9983,0,10.2326,-1.3069,-0.3195,1],"parentBoneIndex":13,"length":3.6164},
{"name":"middle_02_l","index":18,"matrix":[0.9543,0.2939,0.0541,0,-0.292,0.9556,-0.0403,0,-0.0636,0.0227,0.9977,0,3.6149,-0.0785,0.0684,1],"rest":[0.9543,0.2939,0.0541,0,-0.292,0.9556,-0.0403,0,-0.0636,0.0227,0.9977,0,3.6149,-0.0785,0.0684,1],"parentBoneIndex":17,"length":2.8112},
{"name":"middle_03_l","index":19,"matrix":[0.9793,0.2025,-0.0085,0,-0.2023,0.9792,0.0141,0,0.0112,-0.0121,0.9999,0,2.8087,0.0757,-0.0931,1],"rest":[0.9793,0.2025,-0.0085,0,-0.2023,0.9792,0.0141,0,0.0112,-0.0121,0.9999,0,2.8087,0.0757,-0.0931,1],"parentBoneIndex":18,"length":2.8112},
{"name":"pinky_01_l","index":20,"matrix":[0.7803,0.3729,0.502,0,-0.1025,0.8682,-0.4856,0,-0.6169,0.3274,0.7157,0,7.5488,-0.2581,3.9278,1],"rest":[0.7803,0.3729,0.502,0,-0.1025,0.8682,-0.4856,0,-0.6169,0.3274,0.7157,0,7.5488,-0.2581,3.9278,1],"parentBoneIndex":13,"length":3.2559},
{"name":"pinky_02_l","index":21,"matrix":[1,0,0,0,0,1,0.0078,0,0,-0.0078,1,0,3.255,0.0784,-0.007,1],"rest":[1,0,0,0,0,1,0.0078,0,0,-0.0078,1,0,3.255,0.0784,-0.007,1],"parentBoneIndex":20,"length":2.4145},
{"name":"pinky_03_l","index":22,"matrix":[0.9688,0.2472,0.0195,0,-0.2472,0.969,-0.0024,0,-0.0195,-0.0024,0.9998,0,2.3789,0.4117,0.0325,1],"rest":[0.9688,0.2472,0.0195,0,-0.2472,0.969,-0.0024,0,-0.0195,-0.0024,0.9998,0,2.3789,0.4117,0.0325,1],"parentBoneIndex":21,"length":2.4145},
{"name":"ring_01_l","index":23,"matrix":[0.9174,0.2847,0.278,0,-0.1857,0.9242,-0.3336,0,-0.3519,0.2544,0.9008,0,9.6737,-0.8353,2.1876,1],"rest":[0.9174,0.2847,0.278,0,-0.1857,0.9242,-0.3336,0,-0.3519,0.2544,0.9008,0,9.6737,-0.8353,2.1876,1],"parentBoneIndex":13,"length":3.172},
{"name":"ring_02_l","index":24,"matrix":[1,0,0,0,0,1,0,0,0,0,1,0,3.1489,-0.3776,0.0611,1],"rest":[1,0,0,0,0,1,0,0,0,0,1,0,3.1489,-0.3776,0.0611,1],"parentBoneIndex":23,"length":2.6261},
{"name":"ring_03_l","index":25,"matrix":[0.9682,0.2502,0,0,-0.2502,0.9682,0,0,0,0,1,0,2.6221,0.132,-0.0611,1],"rest":[0.9682,0.2502,0,0,-0.2502,0.9682,0,0,0,0,1,0,2.6221,0.132,-0.061,1],"parentBoneIndex":24,"length":2.6261},
{"name":"thumb_01_l","index":26,"matrix":[0.6778,0.384,-0.627,0,0.4635,0.4389,0.7698,0,0.5708,-0.8124,0.1195,0,1.395,1.4678,-1.8262,1],"rest":[0.6778,0.384,-0.627,0,0.4635,0.4389,0.7698,0,0.5708,-0.8124,0.1195,0,1.395,1.4678,-1.8262,1],"parentBoneIndex":13,"length":4.9105},
{"name":"thumb_02_l","index":27,"matrix":[0.9358,0.3524,0,0,-0.3524,0.9358,0,0,0,0,1,0,4.9063,-0.1931,-0.0624,1],"rest":[0.9358,0.3524,0,0,-0.3524,0.9358,0,0,0,0,1,0,4.9064,-0.1931,-0.0624,1],"parentBoneIndex":26,"length":3.4593},
{"name":"thumb_03_l","index":28,"matrix":[0.9902,0.1382,-0.0226,0,-0.1375,0.9901,0.0268,0,0.0261,-0.0234,0.9994,0,3.459,-0.0283,-0.0319,1],"rest":[0.9902,0.1382,-0.0226,0,-0.1375,0.9901,0.0268,0,0.0261,-0.0234,0.9994,0,3.459,-0.0283,-0.0319,1],"parentBoneIndex":27,"length":3.4593},
{"name":"hand_web_l","index":29,"matrix":[0.937,-0.3492,0,0,0.3492,0.937,0,0,0,0,1,0,8.8816,2.7687,0,1],"rest":[0.937,-0.3492,0,0,0.3492,0.937,0,0,0,0,1,0,8.8816,2.7687,0,1],"parentBoneIndex":13,"length":10.5232},
{"name":"hand_grenade_l","index":30,"matrix":[0.8926,-0.4493,-0.0369,0,0.4495,0.8809,0.1482,0,-0.0341,-0.1488,0.9883,0,10.9828,5.6724,-0.0004,1],"rest":[0.8926,-0.4493,-0.0369,0,0.4495,0.8809,0.1482,0,-0.0341,-0.1488,0.9883,0,10.9828,5.6724,-0.0004,1],"parentBoneIndex":13,"length":10.5232},
{"name":"hand_ui_l","index":31,"matrix":[0.8906,-0.4544,-0.0208,0,0.4529,0.8817,0.1321,0,-0.0417,-0.127,0.991,0,17.3371,11.8645,1.4281,1],"rest":[0.8906,-0.4544,-0.0208,0,0.4529,0.8817,0.1321,0,-0.0417,-0.127,0.991,0,17.3371,11.8645,1.4281,1],"parentBoneIndex":13,"length":10.5232},
{"name":"lowerarm_twist_01_l","index":32,"matrix":[1,0.0001,0.0001,0,-0.0001,1,0.0066,0,-0.0001,-0.0066,1,0,15.889,-0.0102,0.0222,1],"rest":[1,0.0001,0.0001,0,-0.0001,1,0.0066,0,-0.0001,-0.0066,1,0,15.889,-0.0102,0.0222,1],"parentBoneIndex":12,"length":21.8702},
{"name":"upperarm_twist_01_l","index":33,"matrix":[1,0.0001,0,0,-0.0001,1,0.0038,0,0,-0.0038,1,0,14.9665,-0.0018,0.0182,1],"rest":[1,0.0001,0,0,-0.0001,1,0.0038,0,0,-0.0038,1,0,14.9665,-0.0017,0.0182,1],"parentBoneIndex":11,"length":21.1558},
{"name":"clavicle_r","index":34,"matrix":[0,0,-1,0,-0.1354,-0.9908,0,0,-0.9908,0.1354,0,0,15.0244,0.4273,2.7703,1],"rest":[0,0,-1,0,-0.1354,-0.9908,0,0,-0.9901,0.1353,0,0,15.0245,0.4272,2.7703,1],"parentBoneIndex":9,"length":14.6632},
{"name":"upperarm_r","index":35,"matrix":[0.8285,-0.0249,-0.5595,0,0.036,0.9993,0.0089,0,0.5589,-0.0275,0.8288,0,-14.637,-0.13,0.8668,1],"rest":[0.8285,-0.0249,-0.56,0,0.036,0.9993,0.0089,0,0.5589,-0.0275,0.8294,0,-14.637,-0.13,0.8675,1],"parentBoneIndex":34,"length":21.1558},
{"name":"lowerarm_r","index":36,"matrix":[0.8178,-0.5752,0.0197,0,0.5748,0.818,0.0229,0,-0.0293,-0.0074,0.9995,0,-27.3423,0.0343,-0.3989,1],"rest":[0.8178,-0.5752,0.0198,0,0.5747,0.818,0.0229,0,-0.0293,-0.0074,0.9995,0,-27.3413,0.0342,-0.4,1],"parentBoneIndex":35,"length":21.8703},
{"name":"hand_r","index":37,"matrix":[0.9878,-0.0696,-0.1393,0,-0.1213,0.2172,-0.9686,0,0.0977,0.9736,0.2061,0,-27.8413,0.4074,-0.6372,1],"rest":[0.9878,-0.0696,-0.1393,0,-0.1213,0.2172,-0.9686,0,0.0977,0.9736,0.2061,0,-27.8413,0.4075,-0.6372,1],"parentBoneIndex":36,"length":10.5233},
{"name":"index_01_r","index":38,"matrix":[0.9704,0.1062,-0.2169,0,-0.0416,0.9582,0.2832,0,0.2379,-0.2658,0.9342,0,-9.4481,0.7629,3.0293,1],"rest":[0.9704,0.1062,-0.2169,0,-0.0416,0.9582,0.2832,0,0.2379,-0.2658,0.9342,0,-9.4481,0.7629,3.0293,1],"parentBoneIndex":37,"length":3.732},
{"name":"index_02_r","index":39,"matrix":[0.9771,0.2124,-0.0137,0,-0.2124,0.9772,0.003,0,0.014,0,0.9999,0,-3.7298,0.1042,0.0775,1],"rest":[0.9771,0.2124,-0.0137,0,-0.2124,0.9772,0.003,0,0.014,0,0.9999,0,-3.7298,0.1043,0.0775,1],"parentBoneIndex":38,"length":2.5189},
{"name":"index_03_r","index":40,"matrix":[0.9738,0.227,0.0135,0,-0.227,0.9739,-0.0036,0,-0.014,0.0004,0.9999,0,-2.5145,-0.0749,-0.1275,1],"rest":[0.9738,0.227,0.0135,0,-0.227,0.9739,-0.0036,0,-0.014,0.0004,0.9999,0,-2.5145,-0.0749,-0.1275,1],"parentBoneIndex":39,"length":2.5189},
{"name":"middle_01_r","index":41,"matrix":[0.9983,-0.0064,0.0584,0,0.0066,1,-0.0029,0,-0.0584,0.0033,0.9983,0,-10.2325,1.3066,0.3195,1],"rest":[0.9983,-0.0064,0.0584,0,0.0066,1,-0.0029,0,-0.0584,0.0033,0.9983,0,-10.2325,1.3066,0.3195,1],"parentBoneIndex":37,"length":3.6165},
{"name":"middle_02_r","index":42,"matrix":[0.9543,0.2939,0.0541,0,-0.292,0.9556,-0.0403,0,-0.0636,0.0227,0.9977,0,-3.615,0.0784,-0.0685,1],"rest":[0.9543,0.2939,0.0541,0,-0.292,0.9556,-0.0403,0,-0.0636,0.0227,0.9977,0,-3.6151,0.0784,-0.0685,1],"parentBoneIndex":41,"length":2.8112},
{"name":"middle_03_r","index":43,"matrix":[0.9793,0.2025,-0.0085,0,-0.2023,0.9792,0.0141,0,0.0112,-0.0121,0.9999,0,-2.8087,-0.0757,0.0931,1],"rest":[0.9793,0.2025,-0.0085,0,-0.2023,0.9792,0.0141,0,0.0112,-0.0121,0.9999,0,-2.8087,-0.0757,0.0931,1],"parentBoneIndex":42,"length":2.8112},
{"name":"pinky_01_r","index":44,"matrix":[0.7803,0.3729,0.502,0,-0.1025,0.8682,-0.4856,0,-0.6169,0.3274,0.7157,0,-7.5489,0.2577,-3.9278,1],"rest":[0.7803,0.3729,0.502,0,-0.1025,0.8682,-0.4856,0,-0.6169,0.3274,0.7157,0,-7.5489,0.2577,-3.9278,1],"parentBoneIndex":37,"length":3.256},
{"name":"pinky_02_r","index":45,"matrix":[1,0,0,0,0,1,0.0078,0,0,-0.0078,1,0,-3.2551,-0.0784,0.007,1],"rest":[1,0,0,0,0,1,0.0078,0,0,-0.0078,1,0,-3.2551,-0.0784,0.007,1],"parentBoneIndex":44,"length":2.4143},
{"name":"pinky_03_r","index":46,"matrix":[0.9688,0.2472,0.0195,0,-0.2472,0.969,-0.0024,0,-0.0195,-0.0024,0.9998,0,-2.3788,-0.4114,-0.0325,1],"rest":[0.9688,0.2472,0.0195,0,-0.2472,0.969,-0.0024,0,-0.0195,-0.0024,0.9998,0,-2.3788,-0.4114,-0.0325,1],"parentBoneIndex":45,"length":2.4143},
{"name":"ring_01_r","index":47,"matrix":[0.9174,0.2847,0.278,0,-0.1857,0.9242,-0.3336,0,-0.3519,0.2544,0.9008,0,-9.6739,0.8349,-2.1876,1],"rest":[0.9174,0.2847,0.278,0,-0.1857,0.9242,-0.3336,0,-0.3519,0.2544,0.9008,0,-9.6739,0.8349,-2.1876,1],"parentBoneIndex":37,"length":3.1717},
{"name":"ring_02_r","index":48,"matrix":[1,0,0,0,0,1,0,0,0,0,1,0,-3.1486,0.3777,-0.0611,1],"rest":[1,0,0,0,0,1,0,0,0,0,1,0,-3.1486,0.3777,-0.0611,1],"parentBoneIndex":47,"length":2.6262},
{"name":"ring_03_r","index":49,"matrix":[0.9682,0.2502,0,0,-0.2502,0.9682,0,0,0,0,1,0,-2.6222,-0.1318,0.0611,1],"rest":[0.9682,0.2502,0,0,-0.2502,0.9682,0,0,0,0,1,0,-2.6222,-0.1319,0.0611,1],"parentBoneIndex":48,"length":2.6262},
{"name":"thumb_01_r","index":50,"matrix":[0.6778,0.384,-0.627,0,0.4635,0.4389,0.7698,0,0.5708,-0.8124,0.1195,0,-1.3952,-1.4682,1.8262,1],"rest":[0.6778,0.384,-0.627,0,0.4635,0.4389,0.7698,0,0.5708,-0.8124,0.1195,0,-1.3952,-1.4682,1.8262,1],"parentBoneIndex":37,"length":4.9104},
{"name":"thumb_02_r","index":51,"matrix":[0.9358,0.3524,0,0,-0.3524,0.9358,0,0,0,0,1,0,-4.9062,0.1932,0.0625,1],"rest":[0.9358,0.3524,0,0,-0.3524,0.9358,0,0,0,0,1,0,-4.9063,0.1932,0.0625,1],"parentBoneIndex":50,"length":3.4592},
{"name":"thumb_03_r","index":52,"matrix":[0.9902,0.1382,-0.0226,0,-0.1376,0.9901,0.0268,0,0.0261,-0.0234,0.9994,0,-3.459,0.0283,0.0319,1],"rest":[0.9902,0.1382,-0.0226,0,-0.1376,0.9901,0.0268,0,0.0261,-0.0234,0.9994,0,-3.459,0.0283,0.0319,1],"parentBoneIndex":51,"length":3.4592},
{"name":"hand_web_r","index":53,"matrix":[0.937,-0.3492,0,0,0.3492,0.937,0,0,0,0,1,0,-8.8817,-2.7691,-0.0001,1],"rest":[0.937,-0.3492,0,0,0.3492,0.937,0,0,0,0,1,0,-8.8817,-2.7691,-0.0001,1],"parentBoneIndex":37,"length":10.5233},
{"name":"hand_grenade_r","index":54,"matrix":[0.8926,-0.4493,-0.0369,0,0.4495,0.8809,0.1482,0,-0.0341,-0.1488,0.9883,0,-10.9826,-5.6723,0.0004,1],"rest":[0.8926,-0.4493,-0.0369,0,0.4495,0.8809,0.1482,0,-0.0341,-0.1488,0.9883,0,-10.9826,-5.6723,0.0004,1],"parentBoneIndex":37,"length":10.5233},
{"name":"hand_ui_r","index":55,"matrix":[0.8906,-0.4544,-0.0208,0,0.4529,0.8817,0.1321,0,-0.0417,-0.127,0.991,0,-17.337,-11.8646,-1.4281,1],"rest":[0.8906,-0.4544,-0.0208,0,0.4529,0.8817,0.1321,0,-0.0417,-0.127,0.991,0,-17.337,-11.8646,-1.4281,1],"parentBoneIndex":37,"length":10.5233},
{"name":"lowerarm_twist_01_r","index":56,"matrix":[1,0.0001,0.0001,0,-0.0001,1,0.0066,0,-0.0001,-0.0066,1,0,-15.8891,0.0102,-0.0222,1],"rest":[1,0.0001,0.0001,0,-0.0001,1,0.0066,0,-0.0001,-0.0066,1,0,-15.8891,0.0102,-0.0222,1],"parentBoneIndex":36,"length":21.8703},
{"name":"upperarm_twist_01_r","index":57,"matrix":[1,0.0001,0,0,-0.0001,1,0.0038,0,0,-0.0038,1,0,-14.9665,0.0018,-0.0176,1],"rest":[1,0.0001,0,0,-0.0001,1,0.0038,0,0,-0.0038,1,0,-14.966,0.0017,-0.0182,1],"parentBoneIndex":35,"length":21.1558},
{"name":"neck_01","index":58,"matrix":[0.917,-0.3989,0,0,0.3989,0.917,0,0,0,0,1,0,19.2029,-0.182,0,1],"rest":[0.917,-0.3989,0,0,0.3989,0.917,0,0,0,0,1,0,19.2029,-0.182,0,1],"parentBoneIndex":9,"length":6.1958},
{"name":"neck_02","index":59,"matrix":[0.9955,0.0951,0,0,-0.0951,0.9955,0,0,0,0,1,0,6.1674,0.5925,0,1],"rest":[0.9955,0.0951,0,0,-0.0951,0.9955,0,0,0,0,1,0,6.1674,0.5925,0,1],"parentBoneIndex":58,"length":9.9227},
{"name":"head","index":60,"matrix":[0.9777,0.2098,0,0,-0.2098,0.9777,0,0,0,0,1,0,9.9173,0.3283,0,1],"rest":[0.9777,0.2098,0,0,-0.2098,0.9777,0,0,0,0,1,0,9.9173,0.3283,0,1],"parentBoneIndex":59,"length":9.9227},
{"name":"thigh_l","index":61,"matrix":[0.9938,0.0892,0.0667,0,-0.0936,0.9933,0.067,0,-0.0603,-0.0728,0.9955,0,-1.6547,1.2246,-9.8577,1],"rest":[0.9938,0.0892,0.0667,0,-0.0936,0.9933,0.067,0,-0.0603,-0.0728,0.9955,0,-1.6547,1.2246,-9.8577,1],"parentBoneIndex":6,"length":31.279},
{"name":"calf_l","index":62,"matrix":[0.9746,-0.2235,-0.013,0,0.2235,0.9747,-0.002,0,0.0131,-0.0009,0.9999,0,-43.7791,1.1825,0.9236,1],"rest":[0.9746,-0.2235,-0.013,0,0.2235,0.9747,-0.002,0,0.0131,-0.0009,0.9999,0,-43.7793,1.1827,0.9236,1],"parentBoneIndex":61,"length":31.754},
{"name":"calf_twist_01_l","index":63,"matrix":[1,0,0,0,0,1,0,0,0,0,1,0,-23.6649,0,0,1],"rest":[1,0,0,0,0,1,0,0,0,0,1,0,-23.6649,0,0,1],"parentBoneIndex":62,"length":31.754},
{"name":"foot_l","index":64,"matrix":[0.9869,0.1548,-0.0445,0,-0.1501,0.9841,0.0951,0,0.0585,-0.0872,0.9945,0,-39.8431,-0.0765,-0.007,1],"rest":[0.9869,0.1548,-0.0445,0,-0.1501,0.9841,0.0951,0,0.0585,-0.0872,0.9945,0,-39.8432,-0.0765,-0.007,1],"parentBoneIndex":62,"length":15.8648},
{"name":"ball_l","index":65,"matrix":[0,-1,-0.0002,0,1,0,0,0,0,-0.0002,1,0,-8.7493,-13.2341,0.0392,1],"rest":[0,-1,-0.0002,0,1,0,0,0,0,-0.0002,1,0,-8.7493,-13.2341,0.0392,1],"parentBoneIndex":64,"length":15.8648},
{"name":"thigh_twist_01_l","index":66,"matrix":[1,0,0,0,0,1,0,0,0,0,1,0,-18.7528,-0.0001,0,1],"rest":[1,0,0,0,0,1,0,0,0,0,1,0,-18.753,0,0,1],"parentBoneIndex":61,"length":31.279},
{"name":"thigh_r","index":67,"matrix":[-0.9938,-0.0892,0.0667,0,0.0936,-0.9933,0.067,0,0.0603,0.0728,0.9955,0,-1.6546,1.2246,9.8577,1],"rest":[-0.9938,-0.0892,0.0667,0,0.0936,-0.9933,0.067,0,0.0603,0.0728,0.9955,0,-1.6545,1.2246,9.8577,1],"parentBoneIndex":6,"length":31.279},
{"name":"calf_r","index":68,"matrix":[0.9746,-0.2235,-0.013,0,0.2235,0.9747,-0.002,0,0.0131,-0.0009,0.9999,0,43.7799,-1.1825,-0.9233,1],"rest":[0.9746,-0.2235,-0.013,0,0.2235,0.9747,-0.002,0,0.0131,-0.0009,0.9999,0,43.7795,-1.1827,-0.9236,1],"parentBoneIndex":67,"length":31.7542},
{"name":"calf_twist_01_r","index":69,"matrix":[1,0,0,0,0,1,0,0,0,0,1,0,23.6652,0,0.0003,1],"rest":[1,0,0,0,0,1,0,0,0,0,1,0,23.665,0,-0.0001,1],"parentBoneIndex":68,"length":31.7542},
{"name":"foot_r","index":70,"matrix":[0.9869,0.1548,-0.0445,0,-0.1501,0.9841,0.0951,0,0.0585,-0.0872,0.9945,0,39.8435,0.0766,0.0075,1],"rest":[0.9869,0.1548,-0.0445,0,-0.1501,0.9841,0.0951,0,0.0585,-0.0872,0.9945,0,39.8433,0.0765,0.0069,1],"parentBoneIndex":68,"length":15.8648},
{"name":"ball_r","index":71,"matrix":[0,-1,-0.0002,0,1,0,0,0,0,-0.0002,1,0,8.7493,13.2341,-0.0391,1],"rest":[0,-1,-0.0002,0,1,0,0,0,0,-0.0002,1,0,8.7493,13.2341,-0.0392,1],"parentBoneIndex":70,"length":15.8648},
{"name":"thigh_twist_01_r","index":72,"matrix":[1,0,0,0,0,1,0,0,0,0,1,0,18.7532,0.0001,0.0001,1],"rest":[1,0,0,0,0,1,0,0,0,0,1,0,18.7529,0,0,1],"parentBoneIndex":67,"length":31.279}]}],
"meshes":[{"name":"mesh1","id":"mesh1","materialId":".MI_Spiderman_001_inst","billboardMode":0,"position":[0,0,0],"rotation":[1.5708,0,0],"scaling":[100,100,100],"isVisible":true,"freezeWorldMatrix":false,"isEnabled":true,"checkCollisions":false,"receiveShadows":false,"skeletonId":0,"numBoneInfluencers":3
,"positions":[11.5189,43.2381,-2.702,9.7226,43.3757,-1.5688,10.6872,39.5329,-0.9837,11.5189,43.2381,-2.702,10.6872,39.5329,-0.9837,12.2799,39.6691,-2.0487,15.7817,40.2625,-1.9493,13.3153,43.1005,-3.0837,13.8726,39.8053,-2.3623,15.0216,43.8307,-2.502,13.3153,43.1005,-3.0837,15.7817,40.2625,-1.9493,17.7949,36.5312,-0.1271,19.2675,37.1654,3.2655,17.3383,40.7198,-0.6696,18.7308,41.3687,2.8201,19.2675,37.1654,3.2655,17.9415,41.3037,6.3267,18.6015,37.4504,6.8428,15.8813,37.3546,9.4757,17.9415,41.3037,6.3267,8.9062,35.9997,1.8818,11.1916,35.8938,-0.3386,8.6139,39.6154,1.621,12.0957,40.5159,9.2992,12.2343,37.0486,9.9869,9.2101,40.0636,7.7442,7.7329,36.2848,4.9926,8.9062,35.9997,1.8818,7.8378,39.7224,4.8091,12.094,0.0827,4.3669,12.702,0.3893,1.1102,10.864,1.0488,4.0418,11.5123,1.2403,0.8305,10.864,1.0488,4.0418,12.702,0.3893,1.1102,14.9162,-0.0791,1.4796,15.4036,-0.0982,-1.9783,13.8091,0.1551,0.9191,13.8091,0.1551,0.9191,13.0907,0.0386,-2.2541,12.702,0.3893,1.1102,13.0907,0.0386,-2.2541,13.8091,0.1551,0.9191,15.4036,-0.0982,-1.9783,12.702,0.3893,1.1102,13.0907,0.0386,-2.2541,11.5123,1.2403,0.8305,11.7398,0.9005,-2.5172,11.5123,1.2403,0.8305,13.0907,0.0386,-2.2541,15.4036,-0.0982,-1.9783,15.6617,-0.0979,-5.1939,13.0907,0.0386,-2.2541,13.0907,0.0386,-2.2541,13.4023,-0.0963,-5.4771,11.7398,0.9005,-2.5172,14.2493,0.2354,-12.6724,13.9256,0.0108,-10.9305,16.1122,0.1908,-12.3403,13.1073,0.2925,-13.2021,12.3812,0.0455,-11.391,14.2493,0.2354,-12.6724,14.2493,0.2354,-12.6724,14.8279,0.4244,-14.1264,13.1073,0.2925,-13.2021,14.3503,0.4926,-14.8661,13.1073,0.2925,-13.2021,14.8279,0.4244,-14.1264,16.1122,0.1908,-12.3403,16.2043,0.4318,-14.1682,14.8279,0.4244,-14.1264,16.1122,0.1908,-12.3403,14.8279,0.4244,-14.1264,14.2493,0.2354,-12.6724,14.3503,0.4926,-14.8661,14.8279,0.4244,-14.1264,16.3302,0.5515,-15.3765,16.2043,0.4318,-14.1682,16.3302,0.5515,-15.3765,14.8279,0.4244,-14.1264,18.2237,0.4253,-14.3216,16.3302,0.5515,-15.3765,17.6441,0.3684,-13.6832,16.2043,0.4318,-14.1682,17.6441,0.3684,-13.6832,16.3302,0.5515,-15.3765,16.2043,0.4318,-14.1682,16.1122,0.1908,-12.3403,17.6441,0.3684,-13.6832,17.9823,0.1766,-12.2335,17.6441,0.3684,-13.6832,16.1122,0.1908,-12.3403,17.6441,0.3684,-13.6832,19.3059,0.1712,-12.523,18.2237,0.4253,-14.3216,17.9823,0.1766,-12.2335,19.3059,0.1712,-12.523,17.6441,0.3684,-13.6832,16.1122,0.1908,-12.3403,16.0012,-0.0293,-10.5961,17.9823,0.1766,-12.2335,17.7753,-0.1282,-1.7611,18.0304,-0.1248,-5.0013,15.4036,-0.0982,-1.9783,19.9292,0.0446,-4.8647,18.0304,-0.1248,-5.0013,19.5688,0.3653,-1.5813,15.4036,-0.0982,-1.9783,17.438,-0.1015,1.8117,17.7753,-0.1282,-1.7611,17.438,-0.1015,1.8117,15.4036,-0.0982,-1.9783,14.9162,-0.0791,1.4796,19.5688,0.3653,-1.5813,17.7753,-0.1282,-1.7611,18.7855,0.82,1.8986,17.438,-0.1015,1.8117,18.7855,0.82,1.8986,17.7753,-0.1282,-1.7611,18.7855,0.82,1.8986,17.438,-0.1015,1.8117,18.2228,0.9407,5.355,16.8595,-0.0988,5.2475,18.2228,0.9407,5.355,17.438,-0.1015,1.8117,13.8091,0.1551,0.9191,12.702,0.3893,1.1102,13.2555,0.0037,4.231,12.094,0.0827,4.3669,13.2555,0.0037,4.231,12.702,0.3893,1.1102,14.9162,-0.0791,1.4796,16.8595,-0.0988,5.2475,17.438,-0.1015,1.8117,16.8595,-0.0988,5.2475,14.9162,-0.0791,1.4796,14.417,-0.0753,4.8466,14.417,-0.0753,4.8466,16.1802,-0.1489,8.2827,16.8595,-0.0988,5.2475,16.1802,-0.1489,8.2827,14.417,-0.0753,4.8466,13.878,-0.0831,7.8154,18.2228,0.9407,5.355,16.8595,-0.0988,5.2475,17.5371,1.019,8.6572,16.1802,-0.1489,8.2827,17.5371,1.019,8.6572,16.8595,-0.0988,5.2475,13.2555,0.0037,4.231,12.094,0.0827,4.3669,12.7582,-0.0996,7.1865,11.6384,-0.1161,7.3091,12.7582,-0.0996,7.1865,12.094,0.0827,4.3669,11.6384,-0.1161,7.3091,12.094,0.0827,4.3669,10.4279,0.9489,7.0606,10.864,1.0488,4.0418,10.4279,0.9489,7.0606,12.094,0.0827,4.3669,13.3575,-0.0876,10.2031,13.878,-0.0831,7.8154,11.5021,-0.0954,9.5617,11.6384,-0.1161,7.3091,11.5021,-0.0954,9.5617,12.7582,-0.0996,7.1865,12.7582,-0.0996,7.1865,11.5021,-0.0954,9.5617,13.878,-0.0831,7.8154,13.878,-0.0831,7.8154,15.3976,-0.1053,10.5128,16.1802,-0.1489,8.2827,15.3976,-0.1053,10.5128,13.878,-0.0831,7.8154,13.3575,-0.0876,10.2031,11.6384,-0.1161,7.3091,10.4279,0.9489,7.0606,11.5021,-0.0954,9.5617,11.5021,-0.0954,9.5617,10.4279,0.9489,7.0606,10.7371,0.8964,9.9553,10.7371,0.8964,9.9553,13.0003,0.8575,11.8871,11.5021,-0.0954,9.5617,13.0003,0.8575,11.8871,13.3575,-0.0876,10.2031,11.5021,-0.0954,9.5617,15.9538,1.0683,11.2533,17.5371,1.019,8.6572,15.3976,-0.1053,10.5128,16.1802,-0.1489,8.2827,15.3976,-0.1053,10.5128,17.5371,1.019,8.6572,13.3575,-0.0876,10.2031,13.0003,0.8575,11.8871,15.3976,-0.1053,10.5128,15.9538,1.0683,11.2533,15.3976,-0.1053,10.5128,13.0003,0.8575,11.8871,9.0025,36.6466,8.3073,7.7329,36.2848,4.9926,7.8378,39.7224,4.8091,9.0025,36.6466,8.3073,7.8378,39.7224,4.8091,9.2101,40.0636,7.7442,15.4151,40.9582,8.7359,15.8813,37.3546,9.4757,12.0957,40.5159,9.2992,12.0957,40.5159,9.2992,11.9409,43.1688,8.6528,15.4151,40.9582,8.7359,9.2101,40.0636,7.7442,9.374,42.7432,7.3463,12.0957,40.5159,9.2992,18.7308,41.3687,2.8201,16.3923,44.561,-1.0536,17.3383,40.7198,-0.6696,17.4769,44.6327,2.6267,16.3923,44.561,-1.0536,18.7308,41.3687,2.8201,15.4151,40.9582,8.7359,16.9311,44.2449,5.8011,17.9415,41.3037,6.3267,17.9415,41.3037,6.3267,16.9311,44.2449,5.8011,18.7308,41.3687,2.8201,7.8378,39.7224,4.8091,7.8103,42.584,4.8838,9.2101,40.0636,7.7442,8.6139,39.6154,1.621,7.6464,42.896,1.8457,7.8378,39.7224,4.8091,7.6464,42.896,1.8457,10.6872,39.5329,-0.9837,9.7226,43.3757,-1.5688,-11.5189,43.2381,-2.702,-10.6872,39.5329,-0.9837,-9.7226,43.3757,-1.5688,-10.6872,39.5329,-0.9837,-11.5189,43.2381,-2.702,-12.2799,39.6691,-2.0487,-12.2799,39.6691,-2.0487,-11.1916,35.8938,-0.3387,-10.6872,39.5329,-0.9837,-13.3153,43.1005,-3.0837,-15.0216,43.8307,-2.502,-15.7817,40.2625,-1.9493,-13.8726,39.8053,-2.3623,-13.3153,43.1005,-3.0837,-15.7817,40.2625,-1.9493,-18.7308,41.3688,2.8201,-19.2675,37.1654,3.2655,-17.3383,40.7198,-0.6696,-17.9415,41.3037,6.3266,-19.2675,37.1654,3.2655,-18.7308,41.3688,2.8201,-18.6015,37.4504,6.8428,-19.2675,37.1654,3.2655,-17.9415,41.3037,6.3266,-15.4151,40.9582,8.7359,-15.8813,37.3547,9.4757,-17.9415,41.3037,6.3266,-10.6872,39.5329,-0.9837,-11.1916,35.8938,-0.3387,-8.6139,39.6154,1.6209,-9.0025,36.6466,8.3073,-12.2343,37.0486,9.9868,-9.2101,40.0636,7.7442,-8.6139,39.6154,1.6209,-8.9062,35.9997,1.8818,-7.8378,39.7224,4.8091,-11.5123,1.2403,0.8305,-12.702,0.3893,1.1102,-10.864,1.0488,4.0418,-12.094,0.0827,4.3669,-10.864,1.0488,4.0418,-12.702,0.3893,1.1102,-13.0907,0.0386,-2.2541,-15.4036,-0.0983,-1.9783,-13.8091,0.1551,0.9191,-14.9162,-0.0791,1.4796,-13.8091,0.1551,0.9191,-15.4036,-0.0983,-1.9783,-12.702,0.3893,1.1102,-13.0907,0.0386,-2.2541,-13.8091,0.1551,0.9191,-11.7398,0.9005,-2.5172,-13.0907,0.0386,-2.2541,-11.5123,1.2403,0.8305,-12.702,0.3893,1.1102,-11.5123,1.2403,0.8305,-13.0907,0.0386,-2.2541,-13.4023,-0.0963,-5.4772,-15.6617,-0.0979,-5.1939,-13.0907,0.0386,-2.2541,-11.5979,0.2172,-5.6584,-13.4023,-0.0963,-5.4772,-11.7398,0.9005,-2.5172,-16.0012,-0.0294,-10.5961,-13.9256,0.0108,-10.9305,-16.1122,0.1907,-12.3403,-13.9256,0.0108,-10.9305,-12.3812,0.0455,-11.391,-14.2494,0.2354,-12.6724,-14.2494,0.2354,-12.6724,-13.1074,0.2925,-13.2021,-14.8279,0.4244,-14.1264,-14.3503,0.4926,-14.8662,-14.8279,0.4244,-14.1264,-13.1074,0.2925,-13.2021,-14.8279,0.4244,-14.1264,-16.2043,0.4318,-14.1682,-16.1122,0.1907,-12.3403,-14.2494,0.2354,-12.6724,-14.8279,0.4244,-14.1264,-16.1122,0.1907,-12.3403,-14.8279,0.4244,-14.1264,-14.3503,0.4926,-14.8662,-16.3302,0.5515,-15.3765,-14.8279,0.4244,-14.1264,-16.3302,0.5515,-15.3765,-16.2043,0.4318,-14.1682,-18.2237,0.4253,-14.3216,-17.6441,0.3684,-13.6832,-16.3302,0.5515,-15.3765,-16.2043,0.4318,-14.1682,-16.3302,0.5515,-15.3765,-17.6441,0.3684,-13.6832,-16.2043,0.4318,-14.1682,-17.6441,0.3684,-13.6832,-16.1122,0.1907,-12.3403,-17.9823,0.1766,-12.2335,-16.1122,0.1907,-12.3403,-17.6441,0.3684,-13.6832,-18.2237,0.4253,-14.3216,-19.3059,0.1712,-12.523,-17.6441,0.3684,-13.6832,-17.9823,0.1766,-12.2335,-17.6441,0.3684,-13.6832,-19.3059,0.1712,-12.523,-18.1368,-0.0455,-10.4481,-16.0012,-0.0294,-10.5961,-17.9823,0.1766,-12.2335,-19.7967,-0.0511,-10.5954,-18.1368,-0.0455,-10.4481,-19.3059,0.1712,-12.523,-15.6617,-0.0979,-5.1939,-18.0304,-0.1248,-5.0013,-15.4036,-0.0983,-1.9783,-18.0304,-0.1248,-5.0013,-19.9292,0.0446,-4.8647,-19.5688,0.3653,-1.5813,-17.7754,-0.1282,-1.7611,-18.0304,-0.1248,-5.0013,-19.5688,0.3653,-1.5813,-17.7754,-0.1282,-1.7611,-17.438,-0.1015,1.8117,-15.4036,-0.0983,-1.9783,-14.9162,-0.0791,1.4796,-15.4036,-0.0983,-1.9783,-17.438,-0.1015,1.8117,-17.7754,-0.1282,-1.7611,-19.5688,0.3653,-1.5813,-18.7856,0.82,1.8986,-17.438,-0.1015,1.8117,-17.7754,-0.1282,-1.7611,-18.7856,0.82,1.8986,-17.438,-0.1015,1.8117,-18.7856,0.82,1.8986,-18.2228,0.9407,5.355,-17.438,-0.1015,1.8117,-18.2228,0.9407,5.355,-16.8595,-0.0988,5.2475,-12.094,0.0827,4.3669,-12.702,0.3893,1.1102,-13.2555,0.0037,4.231,-13.8091,0.1551,0.9191,-13.2555,0.0037,4.231,-12.702,0.3893,1.1102,-17.438,-0.1015,1.8117,-16.8595,-0.0988,5.2475,-14.9162,-0.0791,1.4796,-14.417,-0.0753,4.8466,-14.9162,-0.0791,1.4796,-16.8595,-0.0988,5.2475,-16.8595,-0.0988,5.2475,-16.1802,-0.1489,8.2827,-14.417,-0.0753,4.8466,-13.878,-0.0831,7.8154,-14.417,-0.0753,4.8466,-16.1802,-0.1489,8.2827,-16.8595,-0.0988,5.2475,-18.2228,0.9407,5.355,-17.5371,1.019,8.6572,-16.8595,-0.0988,5.2475,-17.5371,1.019,8.6572,-16.1802,-0.1489,8.2827,-12.094,0.0827,4.3669,-13.2555,0.0037,4.231,-11.6384,-0.1161,7.3091,-13.878,-0.0831,7.8154,-11.6384,-0.1161,7.3091,-14.417,-0.0753,4.8466,-13.2555,0.0037,4.231,-14.417,-0.0753,4.8466,-11.6384,-0.1161,7.3091,-10.864,1.0488,4.0418,-12.094,0.0827,4.3669,-10.4279,0.9489,7.0606,-11.6384,-0.1161,7.3091,-10.4279,0.9489,7.0606,-12.094,0.0827,4.3669,-11.6384,-0.1161,7.3091,-13.878,-0.0831,7.8154,-11.5021,-0.0954,9.5617,-13.3575,-0.0876,10.2031,-11.5021,-0.0954,9.5617,-13.878,-0.0831,7.8154,-16.1802,-0.1489,8.2827,-15.3976,-0.1053,10.5128,-13.878,-0.0831,7.8154,-13.3575,-0.0876,10.2031,-13.878,-0.0831,7.8154,-15.3976,-0.1053,10.5128,-10.4279,0.9489,7.0606,-11.6384,-0.1161,7.3091,-11.5021,-0.0954,9.5617,-10.7371,0.8964,9.9553,-10.4279,0.9489,7.0606,-11.5021,-0.0954,9.5617,-13.3575,-0.0876,10.2031,-13.0003,0.8575,11.8871,-11.5021,-0.0954,9.5617,-11.5021,-0.0954,9.5617,-13.0003,0.8575,11.8871,-10.7371,0.8964,9.9553,-15.9538,1.0683,11.2533,-15.3976,-0.1053,10.5128,-17.5371,1.019,8.6572,-16.1802,-0.1489,8.2827,-17.5371,1.019,8.6572,-15.3976,-0.1053,10.5128,-13.3575,-0.0876,10.2031,-15.3976,-0.1053,10.5128,-13.0003,0.8575,11.8871,-15.9538,1.0683,11.2533,-13.0003,0.8575,11.8871,-15.3976,-0.1053,10.5128,-7.7329,36.2848,4.9926,-9.0025,36.6466,8.3073,-7.8378,39.7224,4.8091,-12.2343,37.0486,9.9868,-15.8813,37.3547,9.4757,-12.0957,40.516,9.2992,-14.8265,43.6739,7.9676,-11.9409,43.1688,8.6528,-15.4151,40.9582,8.7359,-11.9409,43.1688,8.6528,-9.374,42.7432,7.3463,-12.0957,40.516,9.2992,-17.3383,40.7198,-0.6696,-16.3923,44.561,-1.0536,-18.7308,41.3688,2.8201,-17.4769,44.6327,2.6266,-18.7308,41.3688,2.8201,-16.3923,44.561,-1.0536,-17.9415,41.3037,6.3266,-16.9311,44.2449,5.801,-15.4151,40.9582,8.7359,-17.4769,44.6327,2.6266,-16.9311,44.2449,5.801,-18.7308,41.3688,2.8201,-9.374,42.7432,7.3463,-7.8103,42.584,4.8838,-9.2101,40.0636,7.7442,-7.8103,42.584,4.8838,-7.6464,42.896,1.8457,-7.8378,39.7224,4.8091,-8.6139,39.6154,1.6209,-7.6464,42.896,1.8457,-10.6872,39.5329,-0.9837,0.5791,135.0687,-7.9053,0.5812,135.0486,-7.9077,0.6258,135.086,-7.8821,0.6258,135.086,-7.8821,0.6375,135.1085,-7.876,0.5791,135.0687,-7.9053,1.5105,132.6558,-8.5457,1.5474,132.109,-8.6675,1.5428,132.6574,-8.538,1.5474,132.109,-8.6675,1.5105,132.6558,-8.5457,1.4852,132.0988,-8.6811,0.7006,135.3271,-7.8837,0.7535,135.3067,-7.8477,0.6888,135.9151,-7.7671,1.4991,134.3081,-8.1686,0.6214,134.9695,-7.9315,1.4638,134.2304,-8.2088,0.6214,134.9695,-7.9315,1.4991,134.3081,-8.1686,0.6554,135.0023,-7.8984,1.515,133.0964,-8.4641,1.5428,132.6574,-8.538,1.547,133.0968,-8.4569,1.5428,132.6574,-8.538,1.515,133.0964,-8.4641,1.5105,132.6558,-8.5457,1.547,133.0968,-8.4569,1.5502,134.2104,-8.1983,1.515,133.0964,-8.4641,1.4638,134.2304,-8.2088,1.515,133.0964,-8.4641,1.5502,134.2104,-8.1983,0.2748,135.6879,-7.9896,-0.0015,135.6668,-7.994,0.2898,135.414,-8.0404,-0.0004,135.3979,-8.0522,0.2898,135.414,-8.0404,-0.0015,135.6668,-7.994,-0.0004,135.3979,-8.0522,0.0004,135.1393,-8.0556,0.2898,135.414,-8.0404,0.3331,135.1772,-8.0422,0.2898,135.414,-8.0404,0.0004,135.1393,-8.0556,-0.0007,134.9078,-8.1006,-0.0005,134.8048,-8.1419,0.3884,134.9537,-8.0144,0.3884,134.9537,-8.0144,0.3932,135.023,-7.9961,-0.0007,134.9078,-8.1006,0.0005,133.7859,-8.6022,0.054,133.7932,-8.5943,0.0004,134.635,-8.2817,0.034,134.6357,-8.2724,0.0004,134.635,-8.2817,0.054,133.7932,-8.5943,0.0005,133.7859,-8.6022,0.0678,133.0915,-8.7655,0.054,133.7932,-8.5943,0.0678,133.0915,-8.7655,0.0005,133.7859,-8.6022,0.0002,133.0917,-8.7722,0.0678,133.0915,-8.7655,0.0002,133.0917,-8.7722,0.0677,132.2194,-8.9926,0.0001,132.2189,-8.9948,0.0677,132.2194,-8.9926,0.0002,133.0917,-8.7722,0.0677,132.2194,-8.9926,0.0001,132.2189,-8.9948,0.0529,131.0576,-8.8586,0.0003,131.0448,-8.8338,0.0529,131.0576,-8.8586,0.0001,132.2189,-8.9948,0.2016,136.1071,-7.8532,-0.0034,136.1242,-7.8727,-0.0011,135.9226,-7.9431,0.2437,135.9356,-7.9335,0.2016,136.1071,-7.8532,-0.0011,135.9226,-7.9431,0.0024,136.4357,-7.5608,0,136.4266,-7.5641,0.4202,136.3169,-7.6196,0.4292,136.325,-7.5916,0.0024,136.4357,-7.5608,0.4202,136.3169,-7.6196,1.201,135.1864,-8.0432,1.2491,135.1408,-8.058,1.3094,135.227,-7.9807,1.3621,135.1786,-7.9919,1.3094,135.227,-7.9807,1.2491,135.1408,-8.058,2.3739,134.2684,-8.2356,2.3676,134.3488,-8.2162,2.1959,134.2964,-8.3546,2.1887,134.3736,-8.3182,2.1959,134.2964,-8.3546,2.3676,134.3488,-8.2162,3.3009,130.7529,-8.9157,3.3047,130.7819,-8.9148,3.1385,130.89,-9.0267,3.1243,130.9395,-9.0386,3.1385,130.89,-9.0267,3.3047,130.7819,-8.9148,2.9675,134.5081,-8.3289,3.0612,134.4157,-8.3498,3.1175,134.4798,-8.2338,3.213,134.3909,-8.2464,3.1175,134.4798,-8.2338,3.0612,134.4157,-8.3498,2.8087,134.4818,-8.2597,2.9077,134.3953,-8.2901,2.9675,134.5081,-8.3289,3.0612,134.4157,-8.3498,2.9675,134.5081,-8.3289,2.9077,134.3953,-8.2901,3.1243,130.9395,-9.0386,2.9686,131.0029,-8.8822,3.1385,130.89,-9.0267,2.9686,131.0029,-8.8822,3.1243,130.9395,-9.0386,2.9615,131.0512,-8.8776,1.201,135.1864,-8.0432,1.1577,135.0679,-7.9834,1.2491,135.1408,-8.058,1.1125,135.1119,-7.9646,1.1577,135.0679,-7.9834,1.201,135.1864,-8.0432,2.1887,134.3736,-8.3182,2.0324,134.3533,-8.2372,2.1959,134.2964,-8.3546,2.0416,134.2665,-8.2491,2.1959,134.2964,-8.3546,2.0324,134.3533,-8.2372,0.565,135.0144,-7.6331,0.5934,135.0109,-7.6333,0.5602,134.991,-7.6385,0.5934,135.0109,-7.6333,0.565,135.0144,-7.6331,0.5974,135.0362,-7.6276,1.5217,132.1521,-8.4011,1.4956,132.1298,-8.403,1.4822,132.6498,-8.2615,1.5129,132.6513,-8.2597,1.5217,132.1521,-8.4011,1.4822,132.6498,-8.2615,0.6654,135.9029,-7.4599,0.6823,135.2667,-7.5919,0.6366,135.8773,-7.4743,0.6432,135.2278,-7.605,0.6366,135.8773,-7.4743,0.6823,135.2667,-7.5919,0.6511,134.8763,-7.6581,1.4615,134.2183,-7.9118,0.6244,134.8514,-7.6693,1.4664,134.1718,-7.9273,0.6244,134.8514,-7.6693,1.4615,134.2183,-7.9118,1.5129,132.6513,-8.2597,1.4822,132.6498,-8.2615,1.4767,133.0394,-8.1863,1.5135,133.042,-8.19,1.5129,132.6513,-8.2597,1.4767,133.0394,-8.1863,1.5135,133.042,-8.19,1.4767,133.0394,-8.1863,1.5102,134.12,-7.9421,1.4664,134.1718,-7.9273,1.5102,134.12,-7.9421,1.4767,133.0394,-8.1863,0.4321,135.7825,-7.5781,0.4418,135.1907,-7.6931,0.0015,135.2229,-7.7786,0.4321,135.7825,-7.5781,0.0015,135.2229,-7.7786,0.0006,135.8418,-7.6647,-0.0002,134.7674,-7.7498,0.0014,135.1709,-7.7787,0.2837,134.8551,-7.7171,0.4218,135.1561,-7.6834,0.2837,134.8551,-7.7171,0.0014,135.1709,-7.7787,-0.0004,134.7541,-7.7638,-0.0002,134.7674,-7.7498,0.28,134.8361,-7.7299,0.2837,134.8551,-7.7171,0.28,134.8361,-7.7299,-0.0002,134.7674,-7.7498,-0.0001,133.7074,-8.3163,0.0148,134.3519,-8.1004,0.0664,133.716,-8.3064,0.0148,134.3519,-8.1004,0.0409,134.5305,-7.9857,0.0664,133.716,-8.3064,0.0664,133.716,-8.3064,0.0733,133.0429,-8.4813,-0.0001,133.7074,-8.3163,0.0001,133.0428,-8.4867,-0.0001,133.7074,-8.3163,0.0733,133.0429,-8.4813,0.0736,132.2361,-8.7085,0.0002,132.2345,-8.7095,0.0001,133.0428,-8.4867,0.0733,133.0429,-8.4813,0.0736,132.2361,-8.7085,0.0001,133.0428,-8.4867,0.0736,132.2361,-8.7085,0.0603,131.1325,-8.5819,0.0002,132.2345,-8.7095,-0.0002,131.1193,-8.5561,0.0002,132.2345,-8.7095,0.0603,131.1325,-8.5819,0.4281,135.8497,-7.552,0.0047,135.8941,-7.606,0.2706,135.9611,-7.5208,-0.0009,136.0323,-7.5022,0.2706,135.9611,-7.5208,0.0047,135.8941,-7.606,-0.0001,136.282,-7.3233,0.0018,136.2907,-7.3298,0.39,136.1894,-7.3802,0.39,136.1894,-7.3802,0.3877,136.1507,-7.3807,-0.0001,136.282,-7.3233,1.2453,135.0821,-7.713,1.2979,135.0396,-7.7301,1.2078,134.9906,-7.7166,1.1611,135.0326,-7.707,1.2453,135.0821,-7.713,1.2078,134.9906,-7.7166,2.2317,134.1862,-8.0147,2.0775,134.1805,-7.9971,2.2308,134.2742,-7.9941,2.0728,134.2703,-7.9678,2.2308,134.2742,-7.9941,2.0775,134.1805,-7.9971,1.2453,135.0821,-7.713,1.339,135.1339,-7.705,1.2979,135.0396,-7.7301,1.3919,135.0861,-7.7247,1.2979,135.0396,-7.7301,1.339,135.1339,-7.705,2.388,134.1888,-8.0142,2.2317,134.1862,-8.0147,2.3851,134.2762,-7.9985,2.2308,134.2742,-7.9941,2.3851,134.2762,-7.9985,2.2317,134.1862,-8.0147,2.9984,131.0085,-8.6621,3.157,130.8717,-8.6963,2.9866,130.9506,-8.641,3.1612,130.8229,-8.7153,2.9866,130.9506,-8.641,3.157,130.8717,-8.6963,3.0805,134.3085,-8.0233,2.9242,134.3077,-8.0144,2.9763,134.3955,-8.002,2.8248,134.3963,-7.9908,2.9763,134.3955,-8.002,2.9242,134.3077,-8.0144,1.6744,135.3769,-7.6842,1.7714,135.3724,-7.7042,1.6735,135.3263,-7.6997,3.157,130.8717,-8.6963,3.3055,130.7406,-8.7187,3.1612,130.8229,-8.7153,3.3258,130.6834,-8.6987,3.1612,130.8229,-8.7153,3.3055,130.7406,-8.7187,3.2206,134.3085,-8.0191,3.0805,134.3085,-8.0233,3.1192,134.3902,-7.9882,2.9763,134.3955,-8.002,3.1192,134.3902,-7.9882,3.0805,134.3085,-8.0233,0.6979,135.2339,-7.6413,0.6037,135.046,-7.6697,0.6853,135.2287,-7.599,0.5974,135.0362,-7.6276,0.6853,135.2287,-7.599,0.6037,135.046,-7.6697,0.6037,135.046,-7.6697,0.6006,135.0243,-7.6757,0.5974,135.0362,-7.6276,0.5934,135.0109,-7.6333,0.5974,135.0362,-7.6276,0.6006,135.0243,-7.6757,1.5322,132.0942,-8.4506,1.5046,132.0694,-8.453,1.521,132.1013,-8.4185,1.4982,132.0799,-8.4225,1.521,132.1013,-8.4185,1.5046,132.0694,-8.453,1.5217,132.1521,-8.4011,1.5254,132.6524,-8.307,1.5346,132.1422,-8.4335,1.5129,132.6513,-8.2597,1.5254,132.6524,-8.307,1.5217,132.1521,-8.4011,0.7014,135.269,-7.6313,0.6823,135.2667,-7.5919,0.6654,135.9029,-7.4599,0.6654,135.9029,-7.4599,0.6841,135.9196,-7.5043,0.7014,135.269,-7.6313,0.6511,134.8763,-7.6581,0.6461,134.9021,-7.6934,1.4735,134.2394,-7.9538,1.4615,134.2183,-7.9118,0.6511,134.8763,-7.6581,1.4735,134.2394,-7.9538,1.5129,132.6513,-8.2597,1.5231,133.0502,-8.2302,1.5254,132.6524,-8.307,1.5135,133.042,-8.19,1.5231,133.0502,-8.2302,1.5129,132.6513,-8.2597,1.5263,134.1357,-7.9844,1.5231,133.0502,-8.2302,1.5102,134.12,-7.9421,1.5135,133.042,-8.19,1.5102,134.12,-7.9421,1.5231,133.0502,-8.2302,0.0573,131.0652,-8.62,-0.0007,131.0407,-8.6164,0.0594,131.0791,-8.57,0.0004,131.0561,-8.5654,0.0594,131.0791,-8.57,-0.0007,131.0407,-8.6164,0.669,135.984,-7.4959,0.6532,135.9678,-7.4552,0.39,136.1894,-7.3802,0.0018,136.2907,-7.3298,-0.0021,136.3364,-7.353,0.3973,136.2135,-7.4178,0.39,136.1894,-7.3802,0.0018,136.2907,-7.3298,0.3973,136.2135,-7.4178,1.3517,135.1536,-7.7347,1.3985,135.1077,-7.7491,1.339,135.1339,-7.705,1.3919,135.0861,-7.7247,1.339,135.1339,-7.705,1.3985,135.1077,-7.7491,2.3997,134.1983,-8.0349,2.388,134.1888,-8.0142,2.3851,134.2762,-7.9985,2.3851,134.2762,-7.9985,2.3872,134.2865,-8.0148,2.3997,134.1983,-8.0349,1.1478,135.0349,-7.7294,1.1611,135.0326,-7.707,1.1922,134.9882,-7.7448,1.2078,134.9906,-7.7166,1.1922,134.9882,-7.7448,1.1611,135.0326,-7.707,2.0495,134.2714,-7.9973,2.0728,134.2703,-7.9678,2.0775,134.1805,-7.9971,2.0605,134.1889,-8.0163,2.0495,134.2714,-7.9973,2.0775,134.1805,-7.9971,2.0836,131.6803,-8.5136,2.0951,131.684,-8.4972,2.2451,131.5396,-8.5906,2.2544,131.5332,-8.5601,2.2451,131.5396,-8.5906,2.0951,131.684,-8.4972,2.2544,131.5332,-8.5601,2.4284,131.4173,-8.5952,2.2451,131.5396,-8.5906,3.2206,134.3085,-8.0191,3.1192,134.3902,